ADM0_EN,ADM0_SW,ADM0_PCODE,ADM1_EN,ADM1_PCODE,ADM2_EN,ADM2_PCODE,TOTAL_BOTH,TOTAL_MALE,TOTAL_FEMA,RURAL_BOTH,RURAL_MALE,URBAN_BOTH,URBAN_MALE,URBAN_FEMA,RURAL_FEMA
United Republic of Tanzania,Jamhuri ya Muungano wa Tanzania,TZ,Dodoma,TZ01,Kondoa,TZ0101,269704,136518,133186,242321,123518,27383,13000,14383,118803
United Republic of Tanzania,Jamhuri ya Muungano wa Tanzania,TZ,Dodoma,TZ01,Mpwapwa,TZ0102,305056,147306,157750,278455,134756,26601,12550,14051,143699
United Republic of Tanzania,Jamhuri ya Muungano wa Tanzania,TZ,Dodoma,TZ01,Kongwa,TZ0103,309973,149221,160752,279961,134894,30012,14327,15685,145067
United Republic of Tanzania,Jamhuri ya Muungano wa Tanzania,TZ,Dodoma,TZ01,Chamwino,TZ0104,330543,158882,171661,311520,149966,19023,8916,10107,161554
United Republic of Tanzania,Jamhuri ya Muungano wa Tanzania,TZ,Dodoma,TZ01,Dodoma Urban,TZ0105,410956,199487,211469,197320,96064,213636,103423,110213,101256
United Republic of Tanzania,Jamhuri ya Muungano wa Tanzania,TZ,Dodoma,TZ01,Bahi,TZ0106,221645,105975,115670,221645,105975,0,0,0,115670
United Republic of Tanzania,Jamhuri ya Muungano wa Tanzania,TZ,Dodoma,TZ01,Chemba,TZ0107,235711,117585,118126,231172,115343,4539,2242,2297,115829
United Republic of Tanzania,Jamhuri ya Muungano wa Tanzania,TZ,Arusha,TZ02,Monduli,TZ0201,158929,75615,83314,138531,65788,20398,9827,10571,72743
United Republic of Tanzania,Jamhuri ya Muungano wa Tanzania,TZ,Arusha,TZ02,Meru,TZ0202,268144,131264,136880,228931,112723,39213,18541,20672,116208
United Republic of Tanzania,Jamhuri ya Muungano wa Tanzania,TZ,Arusha,TZ02,Arusha Urban,TZ0203,365990,175193,190797,37892,18156,328098,157037,171061,19736
United Republic of Tanzania,Jamhuri ya Muungano wa Tanzania,TZ,Arusha,TZ02,Karatu,TZ0204,230166,117769,112397,215323,110693,14843,7076,7767,104630
United Republic of Tanzania,Jamhuri ya Muungano wa Tanzania,TZ,Arusha,TZ02,Ngorongoro,TZ0205,183472,86668,96804,158606,74699,24866,11969,12897,83907
United Republic of Tanzania,Jamhuri ya Muungano wa Tanzania,TZ,Arusha,TZ02,Arusha,TZ0206,364456,174574,189882,240565,114637,123891,59937,63954,125928
United Republic of Tanzania,Jamhuri ya Muungano wa Tanzania,TZ,Arusha,TZ02,Longido,TZ0207,123153,60199,62954,115340,56377,7813,3822,3991,58963
United Republic of Tanzania,Jamhuri ya Muungano wa Tanzania,TZ,Kilimanjaro,TZ03,Rombo,TZ0301,260963,124528,136435,243109,115777,17854,8751,9103,127332
United Republic of Tanzania,Jamhuri ya Muungano wa Tanzania,TZ,Kilimanjaro,TZ03,Mwanga,TZ0302,131442,63199,68243,94731,45644,36711,17555,19156,49087
United Republic of Tanzania,Jamhuri ya Muungano wa Tanzania,TZ,Kilimanjaro,TZ03,Same,TZ0303,269807,131515,138292,181972,90123,87835,41392,46443,91849
United Republic of Tanzania,Jamhuri ya Muungano wa Tanzania,TZ,Kilimanjaro,TZ03,Moshi,TZ0304,466737,225767,240970,450429,218042,16308,7725,8583,232387
United Republic of Tanzania,Jamhuri ya Muungano wa Tanzania,TZ,Kilimanjaro,TZ03,Hai,TZ0305,210533,102457,108076,170069,83242,40464,19215,21249,86827
United Republic of Tanzania,Jamhuri ya Muungano wa Tanzania,TZ,Kilimanjaro,TZ03,Moshi Urban,TZ0306,184292,89174,95118,0,0,184292,89174,95118,0
United Republic of Tanzania,Jamhuri ya Muungano wa Tanzania,TZ,Kilimanjaro,TZ03,Siha,TZ0307,116313,56500,59813,102402,49769,13911,6731,7180,52633
United Republic of Tanzania,Jamhuri ya Muungano wa Tanzania,TZ,Tanga,TZ04,Lushoto,TZ0401,492441,230236,262205,457284,213933,35157,16303,18854,243351
United Republic of Tanzania,Jamhuri ya Muungano wa Tanzania,TZ,Tanga,TZ04,Korogwe,TZ0402,242038,118544,123494,222854,109376,19184,9168,10016,113478
United Republic of Tanzania,Jamhuri ya Muungano wa Tanzania,TZ,Tanga,TZ04,Muheza,TZ0403,204461,100843,103618,191622,94984,12839,5859,6980,96638
United Republic of Tanzania,Jamhuri ya Muungano wa Tanzania,TZ,Tanga,TZ04,Tanga Urban,TZ0404,273332,130920,142412,52205,26501,221127,104419,116708,25704
United Republic of Tanzania,Jamhuri ya Muungano wa Tanzania,TZ,Tanga,TZ04,Pangani,TZ0405,54025,26870,27155,45235,22783,8790,4087,4703,22452
United Republic of Tanzania,Jamhuri ya Muungano wa Tanzania,TZ,Tanga,TZ04,Handeni,TZ0406,276646,137218,139428,276646,137218,0,0,0,139428
United Republic of Tanzania,Jamhuri ya Muungano wa Tanzania,TZ,Tanga,TZ04,Kilindi,TZ0407,236833,118167,118666,236833,118167,0,0,0,118666
United Republic of Tanzania,Jamhuri ya Muungano wa Tanzania,TZ,Tanga,TZ04,Mkinga,TZ0408,118065,57760,60305,109592,53742,8473,4018,4455,55850
United Republic of Tanzania,Jamhuri ya Muungano wa Tanzania,TZ,Tanga,TZ04,Korogwe Township Authority,TZ0409,68308,33121,35187,12026,5810,56282,27311,28971,6216
United Republic of Tanzania,Jamhuri ya Muungano wa Tanzania,TZ,Tanga,TZ04,Handeni Mji,TZ0410,79056,38668,40388,0,0,79056,38668,40388,0
United Republic of Tanzania,Jamhuri ya Muungano wa Tanzania,TZ,Morogoro,TZ05,Kilosa,TZ0501,438175,218378,219797,311946,156549,126229,61829,64400,155397
United Republic of Tanzania,Jamhuri ya Muungano wa Tanzania,TZ,Morogoro,TZ05,Morogoro,TZ0502,286248,140824,145424,273231,134698,13017,6126,6891,138533
United Republic of Tanzania,Jamhuri ya Muungano wa Tanzania,TZ,Morogoro,TZ05,Kilombero,TZ0503,407880,202789,205091,309426,155540,98454,47249,51205,153886
United Republic of Tanzania,Jamhuri ya Muungano wa Tanzania,TZ,Morogoro,TZ05,Ulanga,TZ0504,265203,131562,133641,231295,115340,33908,16222,17686,115955
United Republic of Tanzania,Jamhuri ya Muungano wa Tanzania,TZ,Morogoro,TZ05,Morogoro Urban,TZ0505,315866,151700,164166,10026,4843,305840,146857,158983,5183
United Republic of Tanzania,Jamhuri ya Muungano wa Tanzania,TZ,Morogoro,TZ05,Mvomero,TZ0506,312109,154843,157266,276447,136981,35662,17862,17800,139466
United Republic of Tanzania,Jamhuri ya Muungano wa Tanzania,TZ,Morogoro,TZ05,Gairo,TZ0507,193011,93206,99805,170063,82136,22948,11070,11878,87927
United Republic of Tanzania,Jamhuri ya Muungano wa Tanzania,TZ,Pwani,TZ06,Bagamoyo,TZ0601,311740,154198,157542,236952,118221,74788,35977,38811,118731
United Republic of Tanzania,Jamhuri ya Muungano wa Tanzania,TZ,Pwani,TZ06,Kibaha,TZ0602,70209,34515,35694,38370,19227,31839,15288,16551,19143
United Republic of Tanzania,Jamhuri ya Muungano wa Tanzania,TZ,Pwani,TZ06,Kisarawe,TZ0603,101598,50631,50967,84174,42189,17424,8442,8982,41985
United Republic of Tanzania,Jamhuri ya Muungano wa Tanzania,TZ,Pwani,TZ06,Mkuranga,TZ0604,216397,105126,111271,180218,88275,36179,16851,19328,91943
United Republic of Tanzania,Jamhuri ya Muungano wa Tanzania,TZ,Pwani,TZ06,Rufiji,TZ0605,223798,107749,116049,164286,79939,59512,27810,31702,84347
United Republic of Tanzania,Jamhuri ya Muungano wa Tanzania,TZ,Pwani,TZ06,Mafia,TZ0606,46438,22954,23484,34297,17209,12141,5745,6396,17088
United Republic of Tanzania,Jamhuri ya Muungano wa Tanzania,TZ,Pwani,TZ06,Kibaha Urban,TZ0607,128488,62653,65835,0,0,128488,62653,65835,0
United Republic of Tanzania,Jamhuri ya Muungano wa Tanzania,TZ,Dar-es-salaam,TZ07,Kinondoni,TZ0701,1775049,860802,914247,0,0,1775049,860802,914247,0
United Republic of Tanzania,Jamhuri ya Muungano wa Tanzania,TZ,Dar-es-salaam,TZ07,Ilala,TZ0702,1220611,595928,624683,0,0,1220611,595928,624683,0
United Republic of Tanzania,Jamhuri ya Muungano wa Tanzania,TZ,Dar-es-salaam,TZ07,Temeke,TZ0703,1368881,669056,699825,0,0,1368881,669056,699825,0
United Republic of Tanzania,Jamhuri ya Muungano wa Tanzania,TZ,Lindi,TZ08,Kilwa,TZ0801,184214,88397,95817,165189,79481,19025,8916,10109,85708
United Republic of Tanzania,Jamhuri ya Muungano wa Tanzania,TZ,Lindi,TZ08,Lindi,TZ0802,194143,91647,102496,181979,86029,12164,5618,6546,95950
United Republic of Tanzania,Jamhuri ya Muungano wa Tanzania,TZ,Lindi,TZ08,Nachingwea,TZ0803,178464,86382,92082,153244,74123,25220,12259,12961,79121
United Republic of Tanzania,Jamhuri ya Muungano wa Tanzania,TZ,Lindi,TZ08,Liwale,TZ0804,91380,44027,47353,78002,37847,13378,6180,7198,40155
United Republic of Tanzania,Jamhuri ya Muungano wa Tanzania,TZ,Lindi,TZ08,Ruangwa,TZ0805,137610,66529,71081,124189,60295,13421,6234,7187,63894
United Republic of Tanzania,Jamhuri ya Muungano wa Tanzania,TZ,Lindi,TZ08,Lindi Urban,TZ0806,78841,37525,41316,0,0,78841,37525,41316,0
United Republic of Tanzania,Jamhuri ya Muungano wa Tanzania,TZ,Mtwara,TZ09,Mtwara,TZ0901,238166,112786,125380,224817,106647,13349,6139,7210,118170
United Republic of Tanzania,Jamhuri ya Muungano wa Tanzania,TZ,Mtwara,TZ09,Newala,TZ0902,199765,92301,107464,175488,81196,24277,11105,13172,94292
United Republic of Tanzania,Jamhuri ya Muungano wa Tanzania,TZ,Mtwara,TZ09,Masasi,TZ0903,247993,118976,129017,216829,104220,31164,14756,16408,112609
United Republic of Tanzania,Jamhuri ya Muungano wa Tanzania,TZ,Mtwara,TZ09,Tandahimba,TZ0904,226877,105058,121819,183410,85065,43467,19993,23474,98345
United Republic of Tanzania,Jamhuri ya Muungano wa Tanzania,TZ,Mtwara,TZ09,Mtwara Urban,TZ0905,117211,55240,61971,16060,7476,101151,47764,53387,8584
United Republic of Tanzania,Jamhuri ya Muungano wa Tanzania,TZ,Mtwara,TZ09,Nanyumbu,TZ0906,138146,66176,71970,118364,56803,19782,9373,10409,61561
United Republic of Tanzania,Jamhuri ya Muungano wa Tanzania,TZ,Mtwara,TZ09,Masasi  Township Authority,TZ0907,102696,49111,53585,44382,21232,58314,27879,30435,23150
United Republic of Tanzania,Jamhuri ya Muungano wa Tanzania,TZ,Ruvuma,TZ10,Tunduru,TZ1001,298279,143660,154619,267518,129184,30761,14476,16285,138334
United Republic of Tanzania,Jamhuri ya Muungano wa Tanzania,TZ,Ruvuma,TZ10,Songea,TZ1002,173821,86548,87273,150863,75534,22958,11014,11944,75329
United Republic of Tanzania,Jamhuri ya Muungano wa Tanzania,TZ,Ruvuma,TZ10,Mbinga,TZ1003,353683,172402,181281,307264,150452,46419,21950,24469,156812
United Republic of Tanzania,Jamhuri ya Muungano wa Tanzania,TZ,Ruvuma,TZ10,Songea Urban,TZ1004,203309,96347,106962,0,0,203309,96347,106962,0
United Republic of Tanzania,Jamhuri ya Muungano wa Tanzania,TZ,Ruvuma,TZ10,Namtumbo,TZ1005,201639,98335,103304,174232,85015,27407,13320,14087,89217
United Republic of Tanzania,Jamhuri ya Muungano wa Tanzania,TZ,Ruvuma,TZ10,Nyasa,TZ1006,146160,71392,74768,138194,67642,7966,3750,4216,70552
United Republic of Tanzania,Jamhuri ya Muungano wa Tanzania,TZ,Iringa,TZ11,Iringa,TZ1101,249581,121113,128468,232426,112972,17155,8141,9014,119454
United Republic of Tanzania,Jamhuri ya Muungano wa Tanzania,TZ,Iringa,TZ11,Mufindi,TZ1102,270280,128026,142254,246121,116471,24159,11555,12604,129650
United Republic of Tanzania,Jamhuri ya Muungano wa Tanzania,TZ,Iringa,TZ11,Iringa Urban,TZ1103,151345,71932,79413,0,0,151345,71932,79413,0
United Republic of Tanzania,Jamhuri ya Muungano wa Tanzania,TZ,Iringa,TZ11,Kilolo,TZ1104,218130,105856,112274,206343,100297,11787,5559,6228,106046
United Republic of Tanzania,Jamhuri ya Muungano wa Tanzania,TZ,Iringa,TZ11,Mafinga Township Authority,TZ1105,51902,25125,26777,0,0,51902,25125,26777,0
United Republic of Tanzania,Jamhuri ya Muungano wa Tanzania,TZ,Mbeya,TZ12,Chunya,TZ1201,156786,79331,77455,107133,54518,49653,24813,24840,52615
United Republic of Tanzania,Jamhuri ya Muungano wa Tanzania,TZ,Mbeya,TZ12,Mbeya,TZ1202,305319,143779,161540,243616,114799,61703,28980,32723,128817
United Republic of Tanzania,Jamhuri ya Muungano wa Tanzania,TZ,Mbeya,TZ12,Kyela,TZ1203,221490,106012,115478,166500,79766,54990,26246,28744,86734
United Republic of Tanzania,Jamhuri ya Muungano wa Tanzania,TZ,Mbeya,TZ12,Rungwe,TZ1204,339157,161249,177908,288936,137572,50221,23677,26544,151364
United Republic of Tanzania,Jamhuri ya Muungano wa Tanzania,TZ,Mbeya,TZ12,Mbarali,TZ1207,300517,145867,154650,215788,104737,84729,41130,43599,111051
United Republic of Tanzania,Jamhuri ya Muungano wa Tanzania,TZ,Mbeya,TZ12,Mbeya Urban,TZ1208,385279,182620,202659,0,0,385279,182620,202659,0
United Republic of Tanzania,Jamhuri ya Muungano wa Tanzania,TZ,Singida,TZ13,Iramba,TZ1301,236282,116997,119285,218645,108487,17637,8510,9127,110158
United Republic of Tanzania,Jamhuri ya Muungano wa Tanzania,TZ,Singida,TZ13,Singida,TZ1302,225521,111772,113749,221886,110090,3635,1682,1953,111796
United Republic of Tanzania,Jamhuri ya Muungano wa Tanzania,TZ,Singida,TZ13,Manyoni,TZ1303,296763,146030,150733,254273,125538,42490,20492,21998,128735
United Republic of Tanzania,Jamhuri ya Muungano wa Tanzania,TZ,Singida,TZ13,Singida Urban,TZ1304,150788,73651,77137,65546,32817,85242,40834,44408,32729
United Republic of Tanzania,Jamhuri ya Muungano wa Tanzania,TZ,Singida,TZ13,Ikungi,TZ1305,272550,136011,136539,261527,130977,11023,5034,5989,130550
United Republic of Tanzania,Jamhuri ya Muungano wa Tanzania,TZ,Singida,TZ13,Mkalama,TZ1306,188733,93534,95199,178059,88402,10674,5132,5542,89657
United Republic of Tanzania,Jamhuri ya Muungano wa Tanzania,TZ,Tabora,TZ14,Nzega,TZ1401,494329,241288,253041,452497,221485,41832,19803,22029,231012
United Republic of Tanzania,Jamhuri ya Muungano wa Tanzania,TZ,Tabora,TZ14,Igunga,TZ1402,394986,193287,201699,359115,176125,35871,17162,18709,182990
United Republic of Tanzania,Jamhuri ya Muungano wa Tanzania,TZ,Tabora,TZ14,Uyui,TZ1403,396623,196446,200177,388353,192368,8270,4078,4192,195985
United Republic of Tanzania,Jamhuri ya Muungano wa Tanzania,TZ,Tabora,TZ14,Urambo,TZ1404,193415,96397,97018,164048,82083,29367,14314,15053,81965
United Republic of Tanzania,Jamhuri ya Muungano wa Tanzania,TZ,Tabora,TZ14,Sikonge,TZ1405,189431,93593,95838,177870,88133,11561,5460,6101,89737
United Republic of Tanzania,Jamhuri ya Muungano wa Tanzania,TZ,Tabora,TZ14,Tabora Urban,TZ1406,243084,118979,124105,82476,41321,160608,77658,82950,41155
United Republic of Tanzania,Jamhuri ya Muungano wa Tanzania,TZ,Tabora,TZ14,Kaliua,TZ1407,379755,189740,190015,379755,189740,0,0,0,190015
United Republic of Tanzania,Jamhuri ya Muungano wa Tanzania,TZ,Rukwa,TZ15,Kalambo,TZ1501,207700,100474,107226,204768,99080,2932,1394,1538,105688
United Republic of Tanzania,Jamhuri ya Muungano wa Tanzania,TZ,Rukwa,TZ15,Sumbawanga,TZ1502,305846,149062,156784,273788,133718,32058,15344,16714,140070
United Republic of Tanzania,Jamhuri ya Muungano wa Tanzania,TZ,Rukwa,TZ15,Nkasi,TZ1503,281200,137041,144159,203857,99984,77343,37057,40286,103873
United Republic of Tanzania,Jamhuri ya Muungano wa Tanzania,TZ,Rukwa,TZ15,Sumbawanga Urban,TZ1504,209793,100734,109059,85589,41790,124204,58944,65260,43799
United Republic of Tanzania,Jamhuri ya Muungano wa Tanzania,TZ,Kigoma,TZ16,Kibondo,TZ1601,261331,125284,136047,231483,110675,29848,14609,15239,120808
United Republic of Tanzania,Jamhuri ya Muungano wa Tanzania,TZ,Kigoma,TZ16,Kasulu,TZ1602,425794,207421,218373,418511,204036,7283,3385,3898,214475
United Republic of Tanzania,Jamhuri ya Muungano wa Tanzania,TZ,Kigoma,TZ16,Kigoma,TZ1603,211566,101499,110067,203619,97788,7947,3711,4236,105831
United Republic of Tanzania,Jamhuri ya Muungano wa Tanzania,TZ,Kigoma,TZ16,Kigoma  Urban,TZ1604,215458,104185,111273,0,0,215458,104185,111273,0
United Republic of Tanzania,Jamhuri ya Muungano wa Tanzania,TZ,Kigoma,TZ16,Uvinza,TZ1605,383640,189130,194510,351994,173836,31646,15294,16352,178158
United Republic of Tanzania,Jamhuri ya Muungano wa Tanzania,TZ,Kigoma,TZ16,Buhigwe,TZ1606,254342,120690,133652,254342,120690,0,0,0,133652
United Republic of Tanzania,Jamhuri ya Muungano wa Tanzania,TZ,Kigoma,TZ16,Kakonko,TZ1607,218706,105845,112861,145627,70788,73079,35057,38022,74839
United Republic of Tanzania,Jamhuri ya Muungano wa Tanzania,TZ,Kigoma,TZ16,Kasulu Township Authority,TZ1608,157093,74940,82153,157093,74940,0,0,0,82153
United Republic of Tanzania,Jamhuri ya Muungano wa Tanzania,TZ,Shinyanga,TZ17,Shinyanga Urban,TZ1701,161391,78655,82736,57596,28542,103795,50113,53682,29054
United Republic of Tanzania,Jamhuri ya Muungano wa Tanzania,TZ,Shinyanga,TZ17,Kishapu,TZ1702,272990,135269,137721,254119,125843,18871,9426,9445,128276
United Republic of Tanzania,Jamhuri ya Muungano wa Tanzania,TZ,Shinyanga,TZ17,Shinyanga,TZ1703,334417,162956,171461,331557,161607,2860,1349,1511,169950
United Republic of Tanzania,Jamhuri ya Muungano wa Tanzania,TZ,Shinyanga,TZ17,Kahama,TZ1704,523802,256463,267339,489744,239899,34058,16564,17494,249845
United Republic of Tanzania,Jamhuri ya Muungano wa Tanzania,TZ,Shinyanga,TZ17,Kahama Township Authority,TZ1705,242208,117498,124710,147121,71840,95087,45658,49429,75281
United Republic of Tanzania,Jamhuri ya Muungano wa Tanzania,TZ,Kagera,TZ18,Karagwe,TZ1801,332020,163864,168156,307573,152002,24447,11862,12585,155571
United Republic of Tanzania,Jamhuri ya Muungano wa Tanzania,TZ,Kagera,TZ18,Bukoba,TZ1802,289697,141142,148555,279567,136268,10130,4874,5256,143299
United Republic of Tanzania,Jamhuri ya Muungano wa Tanzania,TZ,Kagera,TZ18,Muleba,TZ1803,540310,267858,272452,524563,259994,15747,7864,7883,264569
United Republic of Tanzania,Jamhuri ya Muungano wa Tanzania,TZ,Kagera,TZ18,Biharamulo,TZ1804,323486,160572,162914,311786,155040,11700,5532,6168,156746
United Republic of Tanzania,Jamhuri ya Muungano wa Tanzania,TZ,Kagera,TZ18,Ngara,TZ1805,320056,152443,167613,297904,142070,22152,10373,11779,155834
United Republic of Tanzania,Jamhuri ya Muungano wa Tanzania,TZ,Kagera,TZ18,Bukoba Urban,TZ1806,128796,62521,66275,0,0,128796,62521,66275,0
United Republic of Tanzania,Jamhuri ya Muungano wa Tanzania,TZ,Kagera,TZ18,Missenyi,TZ1807,202632,100085,102547,188614,93263,14018,6822,7196,95351
United Republic of Tanzania,Jamhuri ya Muungano wa Tanzania,TZ,Kagera,TZ18,Kyerwa,TZ1808,321026,157198,163828,321026,157198,0,0,0,163828
United Republic of Tanzania,Jamhuri ya Muungano wa Tanzania,TZ,Mwanza,TZ19,Ukerewe,TZ1901,345147,169279,175868,303154,149931,41993,19348,22645,153223
United Republic of Tanzania,Jamhuri ya Muungano wa Tanzania,TZ,Mwanza,TZ19,Magu,TZ1902,306193,149270,156923,266960,130774,39233,18496,20737,136186
United Republic of Tanzania,Jamhuri ya Muungano wa Tanzania,TZ,Mwanza,TZ19,Nyamagana,TZ1903,355988,174086,181902,33929,16656,322059,157430,164629,17273
United Republic of Tanzania,Jamhuri ya Muungano wa Tanzania,TZ,Mwanza,TZ19,Kwimba,TZ1904,397223,193633,203590,335298,163569,61925,30064,31861,171729
United Republic of Tanzania,Jamhuri ya Muungano wa Tanzania,TZ,Mwanza,TZ19,Sengerema,TZ1905,665037,331252,333785,598967,299964,66070,31288,34782,299003
United Republic of Tanzania,Jamhuri ya Muungano wa Tanzania,TZ,Mwanza,TZ19,Ilemela,TZ1906,343001,164718,178283,0,0,343001,164718,178283,0
United Republic of Tanzania,Jamhuri ya Muungano wa Tanzania,TZ,Mwanza,TZ19,Misungwi,TZ1907,359920,178143,181777,309980,153952,49940,24191,25749,156028
United Republic of Tanzania,Jamhuri ya Muungano wa Tanzania,TZ,Mara,TZ20,Tarime,TZ2001,339693,162986,176707,273347,131209,66346,31777,34569,142138
United Republic of Tanzania,Jamhuri ya Muungano wa Tanzania,TZ,Mara,TZ20,Serengeti,TZ2002,249420,121399,128021,227936,111190,21484,10209,11275,116746
United Republic of Tanzania,Jamhuri ya Muungano wa Tanzania,TZ,Mara,TZ20,Musoma,TZ2003,178356,87324,91032,175781,86114,2575,1210,1365,89667
United Republic of Tanzania,Jamhuri ya Muungano wa Tanzania,TZ,Mara,TZ20,Bunda,TZ2004,335061,162241,172820,276671,134969,58390,27272,31118,141702
United Republic of Tanzania,Jamhuri ya Muungano wa Tanzania,TZ,Mara,TZ20,Musoma Urban,TZ2005,134327,62694,71633,0,0,134327,62694,71633,0
United Republic of Tanzania,Jamhuri ya Muungano wa Tanzania,TZ,Mara,TZ20,Rorya,TZ2006,265241,126247,138994,252189,120331,13052,5916,7136,131858
United Republic of Tanzania,Jamhuri ya Muungano wa Tanzania,TZ,Mara,TZ20,Butiam,TZ2007,241732,117129,124603,234494,113684,7238,3445,3793,120810
United Republic of Tanzania,Jamhuri ya Muungano wa Tanzania,TZ,Manyara,TZ21,Babati,TZ2101,312392,158804,153588,296203,150986,16189,7818,8371,145217
United Republic of Tanzania,Jamhuri ya Muungano wa Tanzania,TZ,Manyara,TZ21,Hanang,TZ2102,275990,140212,135778,247050,126004,28940,14208,14732,121046
United Republic of Tanzania,Jamhuri ya Muungano wa Tanzania,TZ,Manyara,TZ21,Mbulu,TZ2103,320279,161548,158731,271303,137617,48976,23931,25045,133686
United Republic of Tanzania,Jamhuri ya Muungano wa Tanzania,TZ,Manyara,TZ21,Simanjiro,TZ2104,178693,88975,89718,159680,79407,19013,9568,9445,80273
United Republic of Tanzania,Jamhuri ya Muungano wa Tanzania,TZ,Manyara,TZ21,Kiteto,TZ2105,244669,120233,124436,222478,109344,22191,10889,11302,113134
United Republic of Tanzania,Jamhuri ya Muungano wa Tanzania,TZ,Manyara,TZ21,Babati Urban,TZ2106,93108,47313,45795,35199,18190,57909,29123,28786,17009
United Republic of Tanzania,Jamhuri ya Muungano wa Tanzania,TZ,Njombe,TZ22,Njombe Urban,TZ2201,130223,61112,69111,66101,31115,64122,29997,34125,34986
United Republic of Tanzania,Jamhuri ya Muungano wa Tanzania,TZ,Njombe,TZ22,Wanging'ombe,TZ2202,161816,75427,86389,153138,71560,8678,3867,4811,81578
United Republic of Tanzania,Jamhuri ya Muungano wa Tanzania,TZ,Njombe,TZ22,Makete,TZ2203,97266,45300,51966,88137,41062,9129,4238,4891,47075
United Republic of Tanzania,Jamhuri ya Muungano wa Tanzania,TZ,Njombe,TZ22,Njombe,TZ2204,85747,40047,45700,75184,35140,10563,4907,5656,40044
United Republic of Tanzania,Jamhuri ya Muungano wa Tanzania,TZ,Njombe,TZ22,Ludewa,TZ2205,133218,63442,69776,117090,55873,16128,7569,8559,61217
United Republic of Tanzania,Jamhuri ya Muungano wa Tanzania,TZ,Njombe,TZ22,Makambako Township Authority,TZ2206,93827,44031,49796,36539,17281,57288,26750,30538,19258
United Republic of Tanzania,Jamhuri ya Muungano wa Tanzania,TZ,Katavi,TZ23,Mpanda Urban,TZ2301,102900,50437,52463,21360,10745,81540,39692,41848,10615
United Republic of Tanzania,Jamhuri ya Muungano wa Tanzania,TZ,Katavi,TZ23,Mpanda,TZ2302,179136,89265,89871,112790,57008,66346,32257,34089,55782
United Republic of Tanzania,Jamhuri ya Muungano wa Tanzania,TZ,Katavi,TZ23,Mlele,TZ2303,282568,139980,142588,273382,135443,9186,4537,4649,137939
United Republic of Tanzania,Jamhuri ya Muungano wa Tanzania,TZ,Simiyu,TZ24,Bariadi,TZ2401,400521,191073,209448,349318,167147,51203,23926,27277,182171
United Republic of Tanzania,Jamhuri ya Muungano wa Tanzania,TZ,Simiyu,TZ24,Itilima,TZ2402,317516,150366,167150,312481,147956,5035,2410,2625,164525
United Republic of Tanzania,Jamhuri ya Muungano wa Tanzania,TZ,Simiyu,TZ24,Meatu,TZ2403,309820,148314,161506,297448,142359,12372,5955,6417,155089
United Republic of Tanzania,Jamhuri ya Muungano wa Tanzania,TZ,Simiyu,TZ24,Maswa,TZ2404,362117,175908,186209,342050,166197,20067,9711,10356,175853
United Republic of Tanzania,Jamhuri ya Muungano wa Tanzania,TZ,Simiyu,TZ24,Busega,TZ2405,194183,94230,99953,172342,83993,21841,10237,11604,88349
United Republic of Tanzania,Jamhuri ya Muungano wa Tanzania,TZ,Geita,TZ25,Geita,TZ2501,800504,397010,403494,633344,315956,167160,81054,86106,317388
United Republic of Tanzania,Jamhuri ya Muungano wa Tanzania,TZ,Geita,TZ25,Nyang'hwale,TZ2502,155435,76737,78698,155435,76737,0,0,0,78698
United Republic of Tanzania,Jamhuri ya Muungano wa Tanzania,TZ,Geita,TZ25,Mbogwe,TZ2503,193922,95083,98839,181482,89117,12440,5966,6474,92365
United Republic of Tanzania,Jamhuri ya Muungano wa Tanzania,TZ,Geita,TZ25,Bukombe,TZ2504,224542,110857,113685,177767,88191,46775,22666,24109,89576
United Republic of Tanzania,Jamhuri ya Muungano wa Tanzania,TZ,Geita,TZ25,Chato,TZ2505,365127,181368,183759,312684,156106,52443,25262,27181,156578
United Republic of Tanzania,Jamhuri ya Muungano wa Tanzania,TZ,Songwe,TZ26,Songwe,TZ2601,133692,66089,67603,121703,60409,11989,5680,6309,61294
United Republic of Tanzania,Jamhuri ya Muungano wa Tanzania,TZ,Songwe,TZ26,Ileje,TZ2605,124451,58463,65988,114497,53857,9954,4606,5348,60640
United Republic of Tanzania,Jamhuri ya Muungano wa Tanzania,TZ,Songwe,TZ26,Mbozi,TZ2606,446339,213217,233122,368483,176701,77856,36516,41340,191782
United Republic of Tanzania,Jamhuri ya Muungano wa Tanzania,TZ,Songwe,TZ26,Momba,TZ2609,196818,94257,102561,182642,87515,14176,6742,7434,95127
United Republic of Tanzania,Jamhuri ya Muungano wa Tanzania,TZ,Songwe,TZ26,Tunduma,TZ2610,97562,46854,50708,0,0,97562,46854,50708,0
United Republic of Tanzania,Jamhuri ya Muungano wa Tanzania,TZ,Kaskazini Unguja,TZ51,Kaskazini A,TZ5101,105780,51566,54214,93587,45595,12193,5971,6222,47992
United Republic of Tanzania,Jamhuri ya Muungano wa Tanzania,TZ,Kaskazini Unguja,TZ51,Kaskazini B,TZ5102,81675,40548,41127,77191,38379,4484,2169,2315,38812
United Republic of Tanzania,Jamhuri ya Muungano wa Tanzania,TZ,Kusini Unguja,TZ52,Kati,TZ5201,76346,38538,37808,74462,37630,1884,908,976,36832
United Republic of Tanzania,Jamhuri ya Muungano wa Tanzania,TZ,Kusini Unguja,TZ52,Kusini,TZ5202,39242,19342,19900,34034,16868,5208,2474,2734,17166
United Republic of Tanzania,Jamhuri ya Muungano wa Tanzania,TZ,Mjini Magharibi,TZ53,Magharibi,TZ5301,370645,176979,193666,92219,44926,278426,132053,146373,47293
United Republic of Tanzania,Jamhuri ya Muungano wa Tanzania,TZ,Mjini Magharibi,TZ53,Mjini,TZ5302,223033,106611,116422,0,0,223033,106611,116422,0
United Republic of Tanzania,Jamhuri ya Muungano wa Tanzania,TZ,Kaskazini Pemba,TZ54,Wete,TZ5401,107916,52348,55568,76044,37242,31872,15106,16766,38802
United Republic of Tanzania,Jamhuri ya Muungano wa Tanzania,TZ,Kaskazini Pemba,TZ54,Micheweni,TZ5402,103816,50874,52942,96365,47247,7451,3627,3824,49118
United Republic of Tanzania,Jamhuri ya Muungano wa Tanzania,TZ,Kusini Pemba,TZ55,Chake Chake,TZ5501,97249,46411,50838,69549,33686,27700,12725,14975,35863
United Republic of Tanzania,Jamhuri ya Muungano wa Tanzania,TZ,Kusini Pemba,TZ55,Mkoani,TZ5502,97867,47460,50407,86352,41985,11515,5475,6040,44367
